aaa
tensor([ 49,  16, 256, 100,   9,  64,  81,   4])
torch.Size([8, 255])
tensor([[8., 5., 6., 6.],
        [7., 4., 4., 7.],
        [4., 7., 5., 4.],
        ...,
        [4., 0., 0., 3.],
        [2., 0., 0., 4.],
        [0., 0., 0., 0.]])
aaa
tensor([ 27,   6, 118,  74,   4,  30,   4,   1])
aaa
tensor([ 49,  16, 256, 100,   9,  64,  81,   4])
torch.Size([8, 255])
tensor([[8., 5., 6., 6.],
        [7., 4., 4., 7.],
        [4., 7., 5., 4.],
        ...,
        [4., 0., 0., 3.],
        [2., 0., 0., 4.],
        [0., 0., 0., 0.]])
aaa
tensor([ 43,  13, 203,  30,   6,  55,  21,   3])
